1 0
2 1
3 3
4 5
5 7
6 10
7 13
8 16
9 19
10 22
11 26
12 30
13 34
14 38
15 42
16 46
17 50
18 54
19 58
20 62
21 66
22 71
23 76
24 81
25 86
26 91
27 96
28 101
29 106
30 111
31 116
32 121
33 126
34 131
35 136
36 141
37 146
38 151
39 156
40 161
41 166
42 171
43 177
44 183
45 189
46 195
47 201
48 207
49 213
50 219
51 225
52 231
53 237
54 243
55 249
56 255
57 261
58 267
59 273
60 279
61 285
62 291
63 297
64 303
65 309
66 315
67 321
68 327
69 333
70 339
71 345
72 351
73 357
74 363
75 369
76 375
77 381
78 387
79 393
80 399
81 405
82 411
83 417
84 423
85 429
86 436
87 443
88 450
89 457
90 464
91 471
92 478
93 485
94 492
95 499
96 506
97 513
98 520
99 527
100 534
101 541
102 548
103 555
104 562
105 569
106 576
107 583
108 590
109 597
110 604
111 611
112 618
113 625
114 632
115 639
116 646
117 653
118 660
119 667
120 674
121 681
122 688
123 695
124 702
125 709
126 716
127 723
128 730
129 737
130 744
131 751
132 758
133 765
134 772
135 779
136 786
137 793
138 800
139 807
140 814
141 821
142 828
143 835
144 842
145 849
146 856
147 863
148 870
149 877
150 884
151 891
152 898
153 905
154 912
155 919
156 926
157 933
158 940
159 947
160 954
161 961
162 968
163 975
164 982
165 989
166 996
167 1003
168 1010
169 1017
170 1024
171 1032
172 1040
173 1048
174 1056
175 1064
176 1072
177 1080
178 1088
179 1096
180 1104

